{
  "age_cutoffs": [6, 13, 20, 40, 60],
  "mixing_matrix": [
    [0.6162, 0.1146, 0.0647, 0.1257, 0.0577, 0.0418],
    [0.1146, 1.0000, 0.1177, 0.1270, 0.0751, 0.0419],
    [0.0647, 0.1177, 0.8169, 0.1849, 0.1367, 0.0545],
    [0.1257, 0.1270, 0.1849, 0.2756, 0.1801, 0.0914],
    [0.0577, 0.0751, 0.1367, 0.1801, 0.2232, 0.1202],
    [0.0418, 0.0419, 0.0545, 0.0914, 0.1202, 0.1976]
  ]
}