{
  "age_cutoffs": [1, 6, 15, 21, 50],
  "mixing_matrix": [
    [0.1377, 0.3802, 0.4040, 0.3011, 0.4053, 0.2587],
    [0.3802, 0.6365, 0.5571, 0.2918, 0.3610, 0.2560],
    [0.4040, 0.5571, 0.8618, 0.4841, 0.3162, 0.2286],
    [0.3011, 0.2918, 0.4841, 1.0000, 0.4251, 0.2766],
    [0.4053, 0.3610, 0.3162, 0.4251, 0.7184, 0.5446],
    [0.2587, 0.2560, 0.2286, 0.2766, 0.5446, 0.5390]
  ] 
}